Sample	FastQC_percent_duplicates	FastQC_percent_gc	FastQC_total_sequences	FastQC_percent_fails	FastQC_avg_sequence_length
103893_ATTCAGAA-CCTATCCT_S1_L007_R1_001	87.84287611813377	57.0	29880975.0	33.33333333333333	51.0
103893_ATTCAGAA-CCTATCCT_S1_L008_R1_001	87.62546522070168	57.0	29486214.0	33.33333333333333	51.0
103894_ATTCAGAA-GGCTCTGA_S2_L007_R1_001	73.64020482203972	54.0	28252386.0	25.0	51.0
103894_ATTCAGAA-GGCTCTGA_S2_L008_R1_001	73.29841050789847	54.0	27993968.0	25.0	51.0
103895_GAATTCGT-CCTATCCT_S3_L007_R1_001	82.05160328300987	53.0	39816780.0	25.0	51.0
103895_GAATTCGT-CCTATCCT_S3_L008_R1_001	81.67877395630116	53.0	39572531.0	25.0	51.0
103900_GAATTCGT-GGCTCTGA_S4_L007_R1_001	76.68589948574922	52.0	21635160.0	25.0	51.0
103900_GAATTCGT-GGCTCTGA_S4_L008_R1_001	76.51742112636354	52.0	21397501.0	25.0	51.0
103902_CTGAAGCT-TATAGCCT_S5_L007_R1_001	75.55421499333137	52.0	29843520.0	25.0	51.0
103902_CTGAAGCT-TATAGCCT_S5_L008_R1_001	75.26866142749313	52.0	29674008.0	25.0	51.0
103903_CTGAAGCT-ATAGAGGC_S6_L007_R1_001	82.08353897552146	52.0	24807709.0	25.0	51.0
103903_CTGAAGCT-ATAGAGGC_S6_L008_R1_001	81.97683582614489	52.0	24677396.0	25.0	51.0
103904_TAATGCGC-TATAGCCT_S7_L007_R1_001	77.45153771103477	52.0	19733716.0	25.0	51.0
103904_TAATGCGC-TATAGCCT_S7_L008_R1_001	77.21073716238126	52.0	19523622.0	25.0	51.0
103905_TAATGCGC-ATAGAGGC_S8_L007_R1_001	84.95340549276992	55.0	28184507.0	25.0	51.0
103905_TAATGCGC-ATAGAGGC_S8_L008_R1_001	84.80968714256588	55.0	27868012.0	25.0	51.0
103906_CGGCTATG-CCTATCCT_S9_L007_R1_001	72.62461848194374	53.0	19745982.0	25.0	51.0
103906_CGGCTATG-CCTATCCT_S9_L008_R1_001	72.33516545367382	53.0	19459154.0	25.0	51.0
103908_CGGCTATG-GGCTCTGA_S10_L007_R1_001	61.80093002013677	52.0	14102198.0	25.0	51.0
103908_CGGCTATG-GGCTCTGA_S10_L008_R1_001	61.541083421744254	52.0	13927897.0	25.0	51.0
103910_TCCGCGAA-CCTATCCT_S11_L007_R1_001	71.91084346073548	55.0	19662861.0	25.0	51.0
103910_TCCGCGAA-CCTATCCT_S11_L008_R1_001	71.89830510555488	55.0	19431019.0	25.0	51.0
103911_TCCGCGAA-GGCTCTGA_S12_L007_R1_001	77.8436847742002	47.0	31927968.0	25.0	51.0
103911_TCCGCGAA-GGCTCTGA_S12_L008_R1_001	77.6373542805081	47.0	31911991.0	25.0	51.0
103912_TCTCGCGC-TATAGCCT_S13_L007_R1_001	73.09051491439914	50.0	23421806.0	25.0	51.0
103912_TCTCGCGC-TATAGCCT_S13_L008_R1_001	72.78842378060152	50.0	23361228.0	25.0	51.0
103914_TCTCGCGC-ATAGAGGC_S14_L007_R1_001	73.99228683601841	56.0	22300613.0	25.0	51.0
103914_TCTCGCGC-ATAGAGGC_S14_L008_R1_001	73.81926628644004	56.0	22028200.0	25.0	51.0
103915_AGCGATAG-TATAGCCT_S15_L007_R1_001	71.55246655652763	51.0	23027862.0	33.33333333333333	51.0
103915_AGCGATAG-TATAGCCT_S15_L008_R1_001	71.35478007730748	51.0	22973705.0	33.33333333333333	51.0
103916_AGCGATAG-ATAGAGGC_S16_L007_R1_001	69.6486354614638	54.0	16842722.0	25.0	51.0
103916_AGCGATAG-ATAGAGGC_S16_L008_R1_001	69.45624556840872	53.0	16554545.0	25.0	51.0
105812_ATTACTCG-AGGCTATA_S1_L004_R1_001	90.25620436040167	58.0	46241985.0	33.33333333333333	51.0
105812_ATTACTCG-AGGCTATA_S1_L004_R2_001	88.32549073285402	61.0	46241985.0	41.66666666666667	51.0
105813_TCCGGAGA-AGGCTATA_S2_L004_R1_001	94.15497883928023	55.0	53799361.0	33.33333333333333	51.0
105813_TCCGGAGA-AGGCTATA_S2_L004_R2_001	90.32565726393364	59.0	53799361.0	33.33333333333333	51.0
105814_CGCTCATT-AGGATAGG_S3_L004_R1_001	70.51271305644862	52.0	41884333.0	33.33333333333333	51.0
105814_CGCTCATT-AGGATAGG_S3_L004_R2_001	66.84894165653688	55.0	41884333.0	33.33333333333333	51.0
105815_GAGATTCC-AGGATAGG_S4_L004_R1_001	81.70780091629335	56.0	42568440.0	33.33333333333333	51.0
105815_GAGATTCC-AGGATAGG_S4_L004_R2_001	78.387564824312	59.0	42568440.0	33.33333333333333	51.0
105816_ATTACTCG-GCCTCTAT_S5_L004_R1_001	81.60839072257372	52.0	43685349.0	41.66666666666667	51.0
105816_ATTACTCG-GCCTCTAT_S5_L004_R2_001	78.80010129422963	54.0	43685349.0	41.66666666666667	51.0
105817_TCCGGAGA-GCCTCTAT_S6_L004_R1_001	83.8974965875625	52.0	49130275.0	33.33333333333333	51.0
105817_TCCGGAGA-GCCTCTAT_S6_L004_R2_001	79.12711450967885	55.0	49130275.0	33.33333333333333	51.0
105819_CGCTCATT-TCAGAGCC_S7_L004_R1_001	80.33264459798234	53.0	32174982.0	33.33333333333333	51.0
105819_CGCTCATT-TCAGAGCC_S7_L004_R2_001	78.52006223670604	57.0	32174982.0	33.33333333333333	51.0
105820_GAGATTCC-TCAGAGCC_S8_L004_R1_001	75.91325185864986	53.0	38861166.0	33.33333333333333	51.0
105820_GAGATTCC-TCAGAGCC_S8_L004_R2_001	73.44578357993365	56.0	38861166.0	33.33333333333333	51.0
